35335960 100 (1080,1920,3)
84742346 100 (1080,1920,3)
66522103 100 (1080,1920,3)
32296659 100 (1080,1920,3)
29797407 100 (1080,1920,3)
33453226 100 (1080,1920,3)
87693602 100 (1080,1920,3)
43332869 100 (1080,1920,3)
40042687 100 (1080,1920,3)
96772286 100 (1080,1920,3)
69007541 100 (1080,1920,3)
68586095 100 (1080,1920,3)
64120775 100 (1080,1920,3)
42200075 100 (1080,1920,3)
93023327 100 (1080,1920,3)
59614443 100 (1080,1920,3)
22203453 100 (1080,1920,3)
58200045 100 (1080,1920,3)
81075975 100 (1080,1920,3)
89303632 100 (1080,1920,3)
71724718 100 (1080,1920,3)
97094273 100 (1080,1920,3)
74555953 100 (1080,1920,3)
45279102 100 (1080,1920,3)
67985882 100 (1080,1920,3)
66933720 100 (1080,1920,3)
24760685 100 (1080,1920,3)
85102040 100 (1080,1920,3)
52498569 100 (1080,1920,3)
48827222 100 (1080,1920,3)
43620077 100 (1080,1920,3)
96057983 100 (1080,1920,3)
91711511 100 (1080,1920,3)
37357773 100 (1080,1920,3)
47776584 100 (1080,1920,3)
23725555 100 (1080,1920,3)
83309461 100 (1080,1920,3)
29132888 100 (1080,1920,3)
69270229 100 (1080,1920,3)
86260290 100 (1080,1920,3)
24515567 100 (1080,1920,3)
53577052 100 (1080,1920,3)
50417414 100 (1080,1920,3)
74228001 100 (1080,1920,3)
95031483 100 (1080,1920,3)
32129750 100 (1080,1920,3)
29947308 100 (1080,1920,3)
92424498 100 (1080,1920,3)
87185358 100 (1080,1920,3)
57160029 100 (1080,1920,3)
68665351 100 (1080,1920,3)
89627570 100 (1080,1920,3)
97592544 100 (1080,1920,3)
25751677 100 (1080,1920,3)
53127983 100 (1080,1920,3)
87405007 100 (1080,1920,3)
92032300 100 (1080,1920,3)
20180952 100 (1080,1920,3)
53092669 100 (1080,1920,3)
87281040 100 (1080,1920,3)
91038886 100 (1080,1920,3)
53300704 100 (1080,1920,3)
26965226 100 (1080,1920,3)
67699865 100 (1080,1920,3)
74203499 100 (1080,1920,3)
23990408 100 (1080,1920,3)
82477348 100 (1080,1920,3)
38055296 100 (1080,1920,3)
97231911 100 (1080,1920,3)
44935427 100 (1080,1920,3)
51628425 100 (1080,1920,3)
23381522 100 (1080,1920,3)
79745598 100 (1080,1920,3)
34693682 100 (1080,1920,3)
44531037 100 (1080,1920,3)
96244935 100 (1080,1920,3)
60127487 100 (1080,1920,3)
67857665 100 (1080,1920,3)
51135073 100 (1080,1920,3)
46001853 100 (1080,1920,3)
88894963 100 (1080,1920,3)
58246794 100 (1080,1920,3)
96382885 100 (1080,1920,3)
81611189 100 (1080,1920,3)
23002442 100 (1080,1920,3)
86078228 100 (1080,1920,3)
17300266 100 (1080,1920,3)
17422120 100 (1080,1920,3)
31582024 100 (1080,1920,3)
29653922 100 (1080,1920,3)
18043976 100 (1080,1920,3)
94556450 100 (1080,1920,3)
94084548 100 (1080,1920,3)
70508315 100 (1080,1920,3)
88753810 100 (1080,1920,3)
77222435 100 (1080,1920,3)
23017309 100 (1080,1920,3)
54101586 100 (1080,1920,3)
62845239 100 (1080,1920,3)
95272624 100 (1080,1920,3)
81745055 100 (1080,1920,3)
36472165 100 (1080,1920,3)
57449969 100 (1080,1920,3)
18844376 100 (1080,1920,3)
94933851 100 (1080,1920,3)
30746650 100 (1080,1920,3)
89188792 100 (1080,1920,3)
56339628 100 (1080,1920,3)
16010184 100 (1080,1920,3)
88663660 100 (1080,1920,3)
34889756 100 (1080,1920,3)
76131052 100 (1080,1920,3)
58324886 100 (1080,1920,3)
25846880 100 (1080,1920,3)
66805829 100 (1080,1920,3)
94596890 100 (1080,1920,3)
73623281 100 (1080,1920,3)
54327254 100 (1080,1920,3)
81472413 100 (1080,1920,3)
27823417 100 (1080,1920,3)
63385157 100 (1080,1920,3)
52086866 100 (1080,1920,3)
40091940 100 (1080,1920,3)
26547010 100 (1080,1920,3)
59513750 100 (1080,1920,3)
20235290 100 (1080,1920,3)
15922480 100 (1080,1920,3)
17874829 100 (1080,1920,3)
51671220 100 (1080,1920,3)
28422714 100 (1080,1920,3)
36411670 100 (1080,1920,3)
72200107 100 (1080,1920,3)
23887359 100 (1080,1920,3)
25389310 100 (1080,1920,3)
80109525 100 (1080,1920,3)
63056025 100 (1080,1920,3)
24973791 100 (1080,1920,3)
75001259 100 (1080,1920,3)
33497823 100 (1080,1920,3)
86514509 100 (1080,1920,3)
46726941 100 (1080,1920,3)
49623514 100 (1080,1920,3)
92995515 100 (1080,1920,3)
39143480 100 (1080,1920,3)
66205867 100 (1080,1920,3)
17541003 100 (1080,1920,3)
85668241 100 (1080,1920,3)
74806816 100 (1080,1920,3)
29023414 100 (1080,1920,3)
75434359 100 (1080,1920,3)
60103184 100 (1080,1920,3)
70571139 100 (1080,1920,3)
73414531 100 (1080,1920,3)
46225698 100 (1080,1920,3)
44575252 100 (1080,1920,3)
34511485 100 (1080,1920,3)
27746382 100 (1080,1920,3)
53358656 100 (1080,1920,3)
85945569 100 (1080,1920,3)
36606493 100 (1080,1920,3)
30232011 100 (1080,1920,3)
42831896 100 (1080,1920,3)
78382386 100 (1080,1920,3)
61077558 100 (1080,1920,3)
56044715 100 (1080,1920,3)
36986798 100 (1080,1920,3)
37822609 100 (1080,1920,3)
46919670 100 (1080,1920,3)
16027135 100 (1080,1920,3)
31104594 100 (1080,1920,3)
51970513 100 (1080,1920,3)
25444686 100 (1080,1920,3)
74843128 100 (1080,1920,3)
70167986 100 (1080,1920,3)
95347520 100 (1080,1920,3)
59984383 100 (1080,1920,3)
50658166 100 (1080,1920,3)
43322142 100 (1080,1920,3)
50284516 100 (1080,1920,3)
49935442 100 (1080,1920,3)
45915365 100 (1080,1920,3)
49837998 100 (1080,1920,3)
21067582 100 (1080,1920,3)
84517078 100 (1080,1920,3)
42107025 100 (1080,1920,3)
69831226 100 (1080,1920,3)
79615405 100 (1080,1920,3)
59714265 100 (1080,1920,3)
56704743 100 (1080,1920,3)
38204221 100 (1080,1920,3)
86742292 100 (1080,1920,3)
35249829 100 (1080,1920,3)
23519666 100 (1080,1920,3)
40267971 100 (1080,1920,3)
71791316 100 (1080,1920,3)
62600438 100 (1080,1920,3)
63251687 100 (1080,1920,3)
87145099 100 (1080,1920,3)
18617801 100 (1080,1920,3)
35645810 100 (1080,1920,3)
22593014 100 (1080,1920,3)
32779662 100 (1080,1920,3)
21672806 100 (1080,1920,3)
83094228 100 (1080,1920,3)
73602863 100 (1080,1920,3)
92960451 100 (1080,1920,3)
46648078 100 (1080,1920,3)
27746481 100 (1080,1920,3)
62742465 100 (1080,1920,3)
25978359 100 (1080,1920,3)
56318324 100 (1080,1920,3)
32332702 100 (1080,1920,3)
43068985 100 (1080,1920,3)
81915661 100 (1080,1920,3)
15853901 100 (1080,1920,3)
19899666 100 (1080,1920,3)
41480299 100 (1080,1920,3)
59298253 100 (1080,1920,3)
44732239 100 (1080,1920,3)
15877462 100 (1080,1920,3)
68330538 100 (1080,1920,3)
81441780 100 (1080,1920,3)
79457889 100 (1080,1920,3)
94534834 100 (1080,1920,3)
73859339 100 (1080,1920,3)
51987934 100 (1080,1920,3)
72922363 100 (1080,1920,3)
27362225 100 (1080,1920,3)
31213498 100 (1080,1920,3)
66641686 100 (1080,1920,3)
20038422 100 (1080,1920,3)
77777577 100 (1080,1920,3)
46218028 100 (1080,1920,3)
78619582 100 (1080,1920,3)
96898328 100 (1080,1920,3)
51818041 100 (1080,1920,3)
68773680 100 (1080,1920,3)
73561044 100 (1080,1920,3)
45772824 100 (1080,1920,3)
66435799 100 (1080,1920,3)
76902961 100 (1080,1920,3)
74308903 100 (1080,1920,3)
32791289 100 (1080,1920,3)
40971667 100 (1080,1920,3)
91175986 100 (1080,1920,3)
73998002 100 (1080,1920,3)
28688087 100 (1080,1920,3)
17771044 100 (1080,1920,3)
62952471 100 (1080,1920,3)
52599929 100 (1080,1920,3)
22734619 100 (1080,1920,3)
84974935 100 (1080,1920,3)
57328745 100 (1080,1920,3)
54752234 100 (1080,1920,3)
54798383 100 (1080,1920,3)
91944193 100 (1080,1920,3)
49532515 100 (1080,1920,3)
88201395 100 (1080,1920,3)
43253965 100 (1080,1920,3)
68449835 100 (1080,1920,3)
68961525 100 (1080,1920,3)
80397611 100 (1080,1920,3)
49305372 100 (1080,1920,3)
70157184 100 (1080,1920,3)
83171710 100 (1080,1920,3)
44698569 100 (1080,1920,3)
32490669 100 (1080,1920,3)
41645863 100 (1080,1920,3)
77887483 100 (1080,1920,3)
56082345 100 (1080,1920,3)
24562964 100 (1080,1920,3)
94738550 100 (1080,1920,3)
94356408 100 (1080,1920,3)
30672625 100 (1080,1920,3)
16011378 100 (1080,1920,3)
98977288 100 (1080,1920,3)
66553509 100 (1080,1920,3)
47124361 100 (1080,1920,3)
15946284 100 (1080,1920,3)
36819368 100 (1080,1920,3)
63108292 100 (1080,1920,3)
32235790 100 (1080,1920,3)
33692198 100 (1080,1920,3)
17323183 100 (1080,1920,3)
32425638 100 (1080,1920,3)
51780526 100 (1080,1920,3)
74928023 100 (1080,1920,3)
71350391 100 (1080,1920,3)
53728847 100 (1080,1920,3)
25411550 100 (1080,1920,3)
44905938 100 (1080,1920,3)
67933483 100 (1080,1920,3)
22807266 100 (1080,1920,3)
68092605 100 (1080,1920,3)
21714972 100 (1080,1920,3)
56658858 100 (1080,1920,3)
29766967 100 (1080,1920,3)
49755751 100 (1080,1920,3)
19577498 100 (1080,1920,3)
83351817 100 (1080,1920,3)
47579132 100 (1080,1920,3)
48712272 100 (1080,1920,3)
68401755 100 (1080,1920,3)
77623626 100 (1080,1920,3)
22444041 100 (1080,1920,3)
71944018 100 (1080,1920,3)
44308387 100 (1080,1920,3)
44922784 100 (1080,1920,3)
63530458 100 (1080,1920,3)
99849849 100 (1080,1920,3)
34502838 100 (1080,1920,3)
68272677 100 (1080,1920,3)
56892779 100 (1080,1920,3)
64101670 100 (1080,1920,3)
97185244 100 (1080,1920,3)
90845958 100 (1080,1920,3)
78662652 100 (1080,1920,3)
90627520 100 (1080,1920,3)
76343591 100 (1080,1920,3)
95342838 100 (1080,1920,3)
97251374 100 (1080,1920,3)
78359337 100 (1080,1920,3)
97549968 100 (1080,1920,3)
38164714 100 (1080,1920,3)
58011769 100 (1080,1920,3)
37749316 100 (1080,1920,3)
46154065 100 (1080,1920,3)
90484262 100 (1080,1920,3)
43313186 100 (1080,1920,3)
27662552 100 (1080,1920,3)
73122143 100 (1080,1920,3)
73551939 100 (1080,1920,3)
92035015 100 (1080,1920,3)
26508591 100 (1080,1920,3)
84009993 100 (1080,1920,3)
23089245 100 (1080,1920,3)
85207564 100 (1080,1920,3)
27007936 100 (1080,1920,3)
16843545 100 (1080,1920,3)
74979888 100 (1080,1920,3)
71032105 100 (1080,1920,3)
73357914 100 (1080,1920,3)
92066329 100 (1080,1920,3)
41274224 100 (1080,1920,3)
47643735 100 (1080,1920,3)
80472325 100 (1080,1920,3)
68507583 100 (1080,1920,3)
48459349 100 (1080,1920,3)
74644352 100 (1080,1920,3)
97342178 100 (1080,1920,3)
29972905 100 (1080,1920,3)
66926770 100 (1080,1920,3)
21563017 100 (1080,1920,3)
73738143 100 (1080,1920,3)
46922829 100 (1080,1920,3)
82537020 100 (1080,1920,3)
64968908 100 (1080,1920,3)
53151100 100 (1080,1920,3)
19524575 100 (1080,1920,3)
86930006 100 (1080,1920,3)
85047771 100 (1080,1920,3)
18221619 100 (1080,1920,3)
98064909 100 (1080,1920,3)
90926389 100 (1080,1920,3)
87689568 100 (1080,1920,3)
50299493 100 (1080,1920,3)
21043777 100 (1080,1920,3)
49126414 100 (1080,1920,3)
48114274 100 (1080,1920,3)
74289079 100 (1080,1920,3)
73166291 100 (1080,1920,3)
29654736 100 (1080,1920,3)
71398072 100 (1080,1920,3)
33504454 100 (1080,1920,3)
97492945 100 (1080,1920,3)
83753035 100 (1080,1920,3)
47682563 100 (1080,1920,3)
39979980 100 (1080,1920,3)
97752154 100 (1080,1920,3)
72914892 100 (1080,1920,3)
69998365 100 (1080,1920,3)
84628578 100 (1080,1920,3)
66610273 100 (1080,1920,3)
67393309 100 (1080,1920,3)
55140422 100 (1080,1920,3)
76274236 100 (1080,1920,3)
31692654 100 (1080,1920,3)
96861455 100 (1080,1920,3)
24102432 100 (1080,1920,3)
19869273 100 (1080,1920,3)
46573700 100 (1080,1920,3)
58251001 100 (1080,1920,3)
76416341 100 (1080,1920,3)
18059772 100 (1080,1920,3)
72247104 100 (1080,1920,3)
23651439 100 (1080,1920,3)
86174448 100 (1080,1920,3)
20730947 100 (1080,1920,3)
38532126 100 (1080,1920,3)
47118527 100 (1080,1920,3)
75868993 100 (1080,1920,3)
44105174 100 (1080,1920,3)
50540162 100 (1080,1920,3)
58154028 100 (1080,1920,3)
63066810 100 (1080,1920,3)
62179781 100 (1080,1920,3)
22052031 100 (1080,1920,3)
43705870 100 (1080,1920,3)
45145212 100 (1080,1920,3)
82972660 100 (1080,1920,3)
31545121 100 (1080,1920,3)
52083339 100 (1080,1920,3)
87301375 100 (1080,1920,3)
40753134 100 (1080,1920,3)
86923087 100 (1080,1920,3)
83843143 100 (1080,1920,3)
33357236 100 (1080,1920,3)
54751257 100 (1080,1920,3)
79504893 100 (1080,1920,3)
60848715 100 (1080,1920,3)
26284318 100 (1080,1920,3)
56182478 100 (1080,1920,3)
84756295 100 (1080,1920,3)
40451974 100 (1080,1920,3)
92349124 100 (1080,1920,3)
77688322 100 (1080,1920,3)
93765223 100 (1080,1920,3)
26723446 100 (1080,1920,3)
41765063 100 (1080,1920,3)
43951880 100 (1080,1920,3)
97466130 100 (1080,1920,3)
91469988 100 (1080,1920,3)
84109506 100 (1080,1920,3)
94265467 100 (1080,1920,3)
90115184 100 (1080,1920,3)
38691306 100 (1080,1920,3)
95530787 100 (1080,1920,3)
33109542 100 (1080,1920,3)
99328489 100 (1080,1920,3)
53322554 100 (1080,1920,3)
78285755 100 (1080,1920,3)
72788175 100 (1080,1920,3)
76008704 100 (1080,1920,3)
82105824 100 (1080,1920,3)
97124149 100 (1080,1920,3)
43281518 100 (1080,1920,3)
16069648 100 (1080,1920,3)
45165529 100 (1080,1920,3)
53997363 100 (1080,1920,3)
59399770 100 (1080,1920,3)
62703138 100 (1080,1920,3)
67584344 100 (1080,1920,3)
90518776 100 (1080,1920,3)
49943978 100 (1080,1920,3)
37160641 100 (1080,1920,3)
71780452 100 (1080,1920,3)
46052642 100 (1080,1920,3)
47992034 100 (1080,1920,3)
90217910 100 (1080,1920,3)
93818806 100 (1080,1920,3)
82659440 100 (1080,1920,3)
87739486 100 (1080,1920,3)
24958268 100 (1080,1920,3)
67914068 100 (1080,1920,3)
44619023 100 (1080,1920,3)
45532254 100 (1080,1920,3)
70940352 100 (1080,1920,3)
78162737 100 (1080,1920,3)
53870184 100 (1080,1920,3)
97265060 100 (1080,1920,3)
81054383 100 (1080,1920,3)
55327928 100 (1080,1920,3)
21617865 100 (1080,1920,3)
65094873 100 (1080,1920,3)
43916445 100 (1080,1920,3)
70198128 100 (1080,1920,3)
69799913 100 (1080,1920,3)
35085720 100 (1080,1920,3)
88760071 100 (1080,1920,3)
85314044 100 (1080,1920,3)
61859298 100 (1080,1920,3)
62356529 100 (1080,1920,3)
29964109 100 (1080,1920,3)
21617466 100 (1080,1920,3)
31994359 100 (1080,1920,3)
48395927 100 (1080,1920,3)
40670960 100 (1080,1920,3)
25887258 100 (1080,1920,3)
96548759 100 (1080,1920,3)
53864729 100 (1080,1920,3)
52739905 100 (1080,1920,3)
59482984 100 (1080,1920,3)
29321638 100 (1080,1920,3)
53978799 100 (1080,1920,3)
34187486 100 (1080,1920,3)
61979062 100 (1080,1920,3)
66387320 100 (1080,1920,3)
51649897 100 (1080,1920,3)
95345919 100 (1080,1920,3)
47073614 100 (1080,1920,3)
68392038 100 (1080,1920,3)
54982712 100 (1080,1920,3)
52860298 100 (1080,1920,3)
54335718 100 (1080,1920,3)
79995711 100 (1080,1920,3)
35728644 100 (1080,1920,3)
59958667 100 (1080,1920,3)
93701248 100 (1080,1920,3)
68106149 100 (1080,1920,3)
73537070 100 (1080,1920,3)
68010722 100 (1080,1920,3)
94531118 100 (1080,1920,3)
36180116 100 (1080,1920,3)
58183725 100 (1080,1920,3)
55727618 100 (1080,1920,3)
98422844 100 (1080,1920,3)
76307566 100 (1080,1920,3)
25368136 100 (1080,1920,3)
72203086 100 (1080,1920,3)
96134940 100 (1080,1920,3)
93647498 100 (1080,1920,3)
52825453 100 (1080,1920,3)
58974938 100 (1080,1920,3)
37651625 100 (1080,1920,3)
21062955 100 (1080,1920,3)
66052293 100 (1080,1920,3)
56621508 100 (1080,1920,3)
94288057 100 (1080,1920,3)
42991820 100 (1080,1920,3)
88365423 100 (1080,1920,3)
44618127 100 (1080,1920,3)
32609719 100 (1080,1920,3)
33711502 100 (1080,1920,3)
94067437 100 (1080,1920,3)
76713368 100 (1080,1920,3)
83427317 100 (1080,1920,3)
90614649 100 (1080,1920,3)
34583468 100 (1080,1920,3)
29140124 100 (1080,1920,3)
75222756 100 (1080,1920,3)
63171818 100 (1080,1920,3)
80898908 100 (1080,1920,3)
50131985 100 (1080,1920,3)
77390537 100 (1080,1920,3)
64962451 100 (1080,1920,3)
97843054 100 (1080,1920,3)
72946470 100 (1080,1920,3)
21448504 100 (1080,1920,3)
79282614 100 (1080,1920,3)
53841030 100 (1080,1920,3)
54072864 100 (1080,1920,3)
65009452 100 (1080,1920,3)
16355133 100 (1080,1920,3)
90081850 100 (1080,1920,3)
57752534 100 (1080,1920,3)
68605746 100 (1080,1920,3)
60097403 100 (1080,1920,3)
99341809 100 (1080,1920,3)
25240706 100 (1080,1920,3)
55974786 100 (1080,1920,3)
26446374 100 (1080,1920,3)
20076061 100 (1080,1920,3)
44716863 100 (1080,1920,3)
81436783 100 (1080,1920,3)
80293858 100 (1080,1920,3)
56430053 100 (1080,1920,3)
97298979 100 (1080,1920,3)
98289143 100 (1080,1920,3)
30063783 100 (1080,1920,3)
77135437 100 (1080,1920,3)
27520809 100 (1080,1920,3)
39740536 100 (1080,1920,3)
79753035 100 (1080,1920,3)
69055976 100 (1080,1920,3)
15738339 100 (1080,1920,3)
77251742 100 (1080,1920,3)
41530731 100 (1080,1920,3)
20438318 100 (1080,1920,3)
49996621 100 (1080,1920,3)
38001368 100 (1080,1920,3)
42711552 100 (1080,1920,3)
38137866 100 (1080,1920,3)
88378967 100 (1080,1920,3)
61967931 100 (1080,1920,3)
24439047 100 (1080,1920,3)
95511223 100 (1080,1920,3)
62249838 100 (1080,1920,3)
18500794 100 (1080,1920,3)
65641989 100 (1080,1920,3)
50418451 100 (1080,1920,3)
89973615 100 (1080,1920,3)
46447565 100 (1080,1920,3)
26054842 100 (1080,1920,3)
78183245 100 (1080,1920,3)
43322136 100 (1080,1920,3)
47470295 100 (1080,1920,3)
82355186 100 (1080,1920,3)
42579365 100 (1080,1920,3)
22136882 100 (1080,1920,3)
81017102 100 (1080,1920,3)
54060114 100 (1080,1920,3)
60383611 100 (1080,1920,3)
83056416 100 (1080,1920,3)
74237925 100 (1080,1920,3)
86357903 100 (1080,1920,3)
28297392 100 (1080,1920,3)
98275816 100 (1080,1920,3)
79553251 100 (1080,1920,3)
85560266 100 (1080,1920,3)
93641473 100 (1080,1920,3)
46646090 100 (1080,1920,3)
97873662 100 (1080,1920,3)
36073143 100 (1080,1920,3)
30020628 100 (1080,1920,3)
81805685 100 (1080,1920,3)
20107510 100 (1080,1920,3)
63122057 100 (1080,1920,3)
99543164 100 (1080,1920,3)
57701313 100 (1080,1920,3)
71639361 100 (1080,1920,3)
41833730 100 (1080,1920,3)
78821035 100 (1080,1920,3)
67499429 100 (1080,1920,3)
56094134 100 (1080,1920,3)
77447151 100 (1080,1920,3)
85807995 100 (1080,1920,3)
21225952 100 (1080,1920,3)
64491011 100 (1080,1920,3)
89891636 100 (1080,1920,3)
72612947 100 (1080,1920,3)
43019340 100 (1080,1920,3)
55620664 100 (1080,1920,3)
57210289 100 (1080,1920,3)
95139444 100 (1080,1920,3)
58411356 100 (1080,1920,3)
38682067 100 (1080,1920,3)
45414109 100 (1080,1920,3)
63353338 100 (1080,1920,3)
66738586 100 (1080,1920,3)
98212694 100 (1080,1920,3)
59907546 100 (1080,1920,3)
59366174 100 (1080,1920,3)
57584402 100 (1080,1920,3)
98592073 100 (1080,1920,3)
47198512 100 (1080,1920,3)
38567784 100 (1080,1920,3)
68172179 100 (1080,1920,3)
70796196 100 (1080,1920,3)
48396392 100 (1080,1920,3)
80018895 100 (1080,1920,3)
