35335960 5 (1080,1920,3)
84742346 5 (1080,1920,3)
66522103 5 (1080,1920,3)
32296659 5 (1080,1920,3)
29797407 5 (1080,1920,3)
33453226 5 (1080,1920,3)
87693602 5 (1080,1920,3)
43332869 5 (1080,1920,3)
40042687 5 (1080,1920,3)
96772286 5 (1080,1920,3)
69007541 5 (1080,1920,3)
68586095 5 (1080,1920,3)
64120775 5 (1080,1920,3)
42200075 5 (1080,1920,3)
93023327 5 (1080,1920,3)
59614443 5 (1080,1920,3)
22203453 5 (1080,1920,3)
58200045 5 (1080,1920,3)
81075975 5 (1080,1920,3)
89303632 5 (1080,1920,3)
71724718 5 (1080,1920,3)
97094273 5 (1080,1920,3)
74555953 5 (1080,1920,3)
45279102 5 (1080,1920,3)
67985882 5 (1080,1920,3)
66933720 5 (1080,1920,3)
24760685 5 (1080,1920,3)
85102040 5 (1080,1920,3)
52498569 5 (1080,1920,3)
48827222 5 (1080,1920,3)
43620077 5 (1080,1920,3)
96057983 5 (1080,1920,3)
91711511 5 (1080,1920,3)
37357773 5 (1080,1920,3)
47776584 5 (1080,1920,3)
23725555 5 (1080,1920,3)
83309461 5 (1080,1920,3)
29132888 5 (1080,1920,3)
69270229 5 (1080,1920,3)
86260290 5 (1080,1920,3)
24515567 5 (1080,1920,3)
53577052 5 (1080,1920,3)
50417414 5 (1080,1920,3)
74228001 5 (1080,1920,3)
95031483 5 (1080,1920,3)
32129750 5 (1080,1920,3)
29947308 5 (1080,1920,3)
92424498 5 (1080,1920,3)
87185358 5 (1080,1920,3)
57160029 5 (1080,1920,3)
68665351 5 (1080,1920,3)
89627570 5 (1080,1920,3)
97592544 5 (1080,1920,3)
25751677 5 (1080,1920,3)
53127983 5 (1080,1920,3)
87405007 5 (1080,1920,3)
92032300 5 (1080,1920,3)
20180952 5 (1080,1920,3)
53092669 5 (1080,1920,3)
87281040 5 (1080,1920,3)
91038886 5 (1080,1920,3)
53300704 5 (1080,1920,3)
26965226 5 (1080,1920,3)
67699865 5 (1080,1920,3)
74203499 5 (1080,1920,3)
23990408 5 (1080,1920,3)
82477348 5 (1080,1920,3)
38055296 5 (1080,1920,3)
97231911 5 (1080,1920,3)
44935427 5 (1080,1920,3)
51628425 5 (1080,1920,3)
23381522 5 (1080,1920,3)
79745598 5 (1080,1920,3)
34693682 5 (1080,1920,3)
44531037 5 (1080,1920,3)
96244935 5 (1080,1920,3)
60127487 5 (1080,1920,3)
67857665 5 (1080,1920,3)
51135073 5 (1080,1920,3)
46001853 5 (1080,1920,3)
88894963 5 (1080,1920,3)
58246794 5 (1080,1920,3)
96382885 5 (1080,1920,3)
81611189 5 (1080,1920,3)
23002442 5 (1080,1920,3)
86078228 5 (1080,1920,3)
17300266 5 (1080,1920,3)
17422120 5 (1080,1920,3)
31582024 5 (1080,1920,3)
29653922 5 (1080,1920,3)
18043976 5 (1080,1920,3)
94556450 5 (1080,1920,3)
94084548 5 (1080,1920,3)
70508315 5 (1080,1920,3)
88753810 5 (1080,1920,3)
77222435 5 (1080,1920,3)
23017309 5 (1080,1920,3)
54101586 5 (1080,1920,3)
62845239 5 (1080,1920,3)
95272624 5 (1080,1920,3)
81745055 5 (1080,1920,3)
36472165 5 (1080,1920,3)
57449969 5 (1080,1920,3)
18844376 5 (1080,1920,3)
94933851 5 (1080,1920,3)
30746650 5 (1080,1920,3)
89188792 5 (1080,1920,3)
56339628 5 (1080,1920,3)
16010184 5 (1080,1920,3)
88663660 5 (1080,1920,3)
34889756 5 (1080,1920,3)
76131052 5 (1080,1920,3)
58324886 5 (1080,1920,3)
25846880 5 (1080,1920,3)
66805829 5 (1080,1920,3)
94596890 5 (1080,1920,3)
73623281 5 (1080,1920,3)
54327254 5 (1080,1920,3)
81472413 5 (1080,1920,3)
27823417 5 (1080,1920,3)
63385157 5 (1080,1920,3)
52086866 5 (1080,1920,3)
40091940 5 (1080,1920,3)
26547010 5 (1080,1920,3)
59513750 5 (1080,1920,3)
20235290 5 (1080,1920,3)
15922480 5 (1080,1920,3)
17874829 5 (1080,1920,3)
51671220 5 (1080,1920,3)
28422714 5 (1080,1920,3)
36411670 5 (1080,1920,3)
72200107 5 (1080,1920,3)
23887359 5 (1080,1920,3)
25389310 5 (1080,1920,3)
80109525 5 (1080,1920,3)
63056025 5 (1080,1920,3)
24973791 5 (1080,1920,3)
75001259 5 (1080,1920,3)
33497823 5 (1080,1920,3)
86514509 5 (1080,1920,3)
46726941 5 (1080,1920,3)
49623514 5 (1080,1920,3)
92995515 5 (1080,1920,3)
39143480 5 (1080,1920,3)
66205867 5 (1080,1920,3)
17541003 5 (1080,1920,3)
85668241 5 (1080,1920,3)
74806816 5 (1080,1920,3)
29023414 5 (1080,1920,3)
75434359 5 (1080,1920,3)
60103184 5 (1080,1920,3)
70571139 5 (1080,1920,3)
73414531 5 (1080,1920,3)
46225698 5 (1080,1920,3)
44575252 5 (1080,1920,3)
34511485 5 (1080,1920,3)
27746382 5 (1080,1920,3)
53358656 5 (1080,1920,3)
85945569 5 (1080,1920,3)
36606493 5 (1080,1920,3)
30232011 5 (1080,1920,3)
42831896 5 (1080,1920,3)
78382386 5 (1080,1920,3)
61077558 5 (1080,1920,3)
56044715 5 (1080,1920,3)
36986798 5 (1080,1920,3)
37822609 5 (1080,1920,3)
46919670 5 (1080,1920,3)
16027135 5 (1080,1920,3)
31104594 5 (1080,1920,3)
51970513 5 (1080,1920,3)
25444686 5 (1080,1920,3)
74843128 5 (1080,1920,3)
70167986 5 (1080,1920,3)
95347520 5 (1080,1920,3)
59984383 5 (1080,1920,3)
50658166 5 (1080,1920,3)
43322142 5 (1080,1920,3)
50284516 5 (1080,1920,3)
49935442 5 (1080,1920,3)
45915365 5 (1080,1920,3)
49837998 5 (1080,1920,3)
21067582 5 (1080,1920,3)
84517078 5 (1080,1920,3)
42107025 5 (1080,1920,3)
69831226 5 (1080,1920,3)
79615405 5 (1080,1920,3)
59714265 5 (1080,1920,3)
56704743 5 (1080,1920,3)
38204221 5 (1080,1920,3)
86742292 5 (1080,1920,3)
35249829 5 (1080,1920,3)
23519666 5 (1080,1920,3)
40267971 5 (1080,1920,3)
71791316 5 (1080,1920,3)
62600438 5 (1080,1920,3)
63251687 5 (1080,1920,3)
87145099 5 (1080,1920,3)
18617801 5 (1080,1920,3)
35645810 5 (1080,1920,3)
22593014 5 (1080,1920,3)
32779662 5 (1080,1920,3)
21672806 5 (1080,1920,3)
83094228 5 (1080,1920,3)
73602863 5 (1080,1920,3)
92960451 5 (1080,1920,3)
46648078 5 (1080,1920,3)
27746481 5 (1080,1920,3)
62742465 5 (1080,1920,3)
25978359 5 (1080,1920,3)
56318324 5 (1080,1920,3)
32332702 5 (1080,1920,3)
43068985 5 (1080,1920,3)
81915661 5 (1080,1920,3)
15853901 5 (1080,1920,3)
19899666 5 (1080,1920,3)
41480299 5 (1080,1920,3)
59298253 5 (1080,1920,3)
44732239 5 (1080,1920,3)
15877462 5 (1080,1920,3)
68330538 5 (1080,1920,3)
81441780 5 (1080,1920,3)
79457889 5 (1080,1920,3)
94534834 5 (1080,1920,3)
73859339 5 (1080,1920,3)
51987934 5 (1080,1920,3)
72922363 5 (1080,1920,3)
27362225 5 (1080,1920,3)
31213498 5 (1080,1920,3)
66641686 5 (1080,1920,3)
20038422 5 (1080,1920,3)
77777577 5 (1080,1920,3)
46218028 5 (1080,1920,3)
78619582 5 (1080,1920,3)
96898328 5 (1080,1920,3)
51818041 5 (1080,1920,3)
68773680 5 (1080,1920,3)
73561044 5 (1080,1920,3)
45772824 5 (1080,1920,3)
66435799 5 (1080,1920,3)
76902961 5 (1080,1920,3)
74308903 5 (1080,1920,3)
32791289 5 (1080,1920,3)
40971667 5 (1080,1920,3)
91175986 5 (1080,1920,3)
73998002 5 (1080,1920,3)
28688087 5 (1080,1920,3)
17771044 5 (1080,1920,3)
62952471 5 (1080,1920,3)
52599929 5 (1080,1920,3)
22734619 5 (1080,1920,3)
84974935 5 (1080,1920,3)
57328745 5 (1080,1920,3)
54752234 5 (1080,1920,3)
54798383 5 (1080,1920,3)
91944193 5 (1080,1920,3)
49532515 5 (1080,1920,3)
88201395 5 (1080,1920,3)
43253965 5 (1080,1920,3)
68449835 5 (1080,1920,3)
68961525 5 (1080,1920,3)
80397611 5 (1080,1920,3)
49305372 5 (1080,1920,3)
70157184 5 (1080,1920,3)
83171710 5 (1080,1920,3)
44698569 5 (1080,1920,3)
32490669 5 (1080,1920,3)
41645863 5 (1080,1920,3)
77887483 5 (1080,1920,3)
56082345 5 (1080,1920,3)
24562964 5 (1080,1920,3)
94738550 5 (1080,1920,3)
94356408 5 (1080,1920,3)
30672625 5 (1080,1920,3)
16011378 5 (1080,1920,3)
98977288 5 (1080,1920,3)
66553509 5 (1080,1920,3)
47124361 5 (1080,1920,3)
15946284 5 (1080,1920,3)
36819368 5 (1080,1920,3)
63108292 5 (1080,1920,3)
32235790 5 (1080,1920,3)
33692198 5 (1080,1920,3)
17323183 5 (1080,1920,3)
32425638 5 (1080,1920,3)
51780526 5 (1080,1920,3)
74928023 5 (1080,1920,3)
71350391 5 (1080,1920,3)
53728847 5 (1080,1920,3)
25411550 5 (1080,1920,3)
44905938 5 (1080,1920,3)
67933483 5 (1080,1920,3)
22807266 5 (1080,1920,3)
68092605 5 (1080,1920,3)
21714972 5 (1080,1920,3)
56658858 5 (1080,1920,3)
29766967 5 (1080,1920,3)
49755751 5 (1080,1920,3)
19577498 5 (1080,1920,3)
83351817 5 (1080,1920,3)
47579132 5 (1080,1920,3)
48712272 5 (1080,1920,3)
68401755 5 (1080,1920,3)
77623626 5 (1080,1920,3)
22444041 5 (1080,1920,3)
71944018 5 (1080,1920,3)
44308387 5 (1080,1920,3)
44922784 5 (1080,1920,3)
63530458 5 (1080,1920,3)
99849849 5 (1080,1920,3)
34502838 5 (1080,1920,3)
68272677 5 (1080,1920,3)
56892779 5 (1080,1920,3)
64101670 5 (1080,1920,3)
97185244 5 (1080,1920,3)
90845958 5 (1080,1920,3)
78662652 5 (1080,1920,3)
90627520 5 (1080,1920,3)
76343591 5 (1080,1920,3)
95342838 5 (1080,1920,3)
97251374 5 (1080,1920,3)
78359337 5 (1080,1920,3)
97549968 5 (1080,1920,3)
38164714 5 (1080,1920,3)
58011769 5 (1080,1920,3)
37749316 5 (1080,1920,3)
46154065 5 (1080,1920,3)
90484262 5 (1080,1920,3)
43313186 5 (1080,1920,3)
27662552 5 (1080,1920,3)
73122143 5 (1080,1920,3)
73551939 5 (1080,1920,3)
92035015 5 (1080,1920,3)
26508591 5 (1080,1920,3)
84009993 5 (1080,1920,3)
23089245 5 (1080,1920,3)
85207564 5 (1080,1920,3)
27007936 5 (1080,1920,3)
16843545 5 (1080,1920,3)
74979888 5 (1080,1920,3)
71032105 5 (1080,1920,3)
73357914 5 (1080,1920,3)
92066329 5 (1080,1920,3)
41274224 5 (1080,1920,3)
47643735 5 (1080,1920,3)
80472325 5 (1080,1920,3)
68507583 5 (1080,1920,3)
48459349 5 (1080,1920,3)
74644352 5 (1080,1920,3)
97342178 5 (1080,1920,3)
29972905 5 (1080,1920,3)
66926770 5 (1080,1920,3)
21563017 5 (1080,1920,3)
73738143 5 (1080,1920,3)
46922829 5 (1080,1920,3)
82537020 5 (1080,1920,3)
64968908 5 (1080,1920,3)
53151100 5 (1080,1920,3)
19524575 5 (1080,1920,3)
86930006 5 (1080,1920,3)
85047771 5 (1080,1920,3)
18221619 5 (1080,1920,3)
98064909 5 (1080,1920,3)
90926389 5 (1080,1920,3)
87689568 5 (1080,1920,3)
50299493 5 (1080,1920,3)
21043777 5 (1080,1920,3)
49126414 5 (1080,1920,3)
48114274 5 (1080,1920,3)
74289079 5 (1080,1920,3)
73166291 5 (1080,1920,3)
29654736 5 (1080,1920,3)
71398072 5 (1080,1920,3)
33504454 5 (1080,1920,3)
97492945 5 (1080,1920,3)
83753035 5 (1080,1920,3)
47682563 5 (1080,1920,3)
39979980 5 (1080,1920,3)
97752154 5 (1080,1920,3)
72914892 5 (1080,1920,3)
69998365 5 (1080,1920,3)
84628578 5 (1080,1920,3)
66610273 5 (1080,1920,3)
67393309 5 (1080,1920,3)
55140422 5 (1080,1920,3)
76274236 5 (1080,1920,3)
31692654 5 (1080,1920,3)
96861455 5 (1080,1920,3)
24102432 5 (1080,1920,3)
19869273 5 (1080,1920,3)
46573700 5 (1080,1920,3)
58251001 5 (1080,1920,3)
76416341 5 (1080,1920,3)
18059772 5 (1080,1920,3)
72247104 5 (1080,1920,3)
23651439 5 (1080,1920,3)
86174448 5 (1080,1920,3)
20730947 5 (1080,1920,3)
38532126 5 (1080,1920,3)
47118527 5 (1080,1920,3)
75868993 5 (1080,1920,3)
44105174 5 (1080,1920,3)
50540162 5 (1080,1920,3)
58154028 5 (1080,1920,3)
63066810 5 (1080,1920,3)
62179781 5 (1080,1920,3)
22052031 5 (1080,1920,3)
43705870 5 (1080,1920,3)
45145212 5 (1080,1920,3)
82972660 5 (1080,1920,3)
31545121 5 (1080,1920,3)
52083339 5 (1080,1920,3)
87301375 5 (1080,1920,3)
40753134 5 (1080,1920,3)
86923087 5 (1080,1920,3)
83843143 5 (1080,1920,3)
33357236 5 (1080,1920,3)
54751257 5 (1080,1920,3)
79504893 5 (1080,1920,3)
60848715 5 (1080,1920,3)
26284318 5 (1080,1920,3)
56182478 5 (1080,1920,3)
84756295 5 (1080,1920,3)
40451974 5 (1080,1920,3)
92349124 5 (1080,1920,3)
77688322 5 (1080,1920,3)
93765223 5 (1080,1920,3)
26723446 5 (1080,1920,3)
41765063 5 (1080,1920,3)
43951880 5 (1080,1920,3)
97466130 5 (1080,1920,3)
91469988 5 (1080,1920,3)
84109506 5 (1080,1920,3)
94265467 5 (1080,1920,3)
90115184 5 (1080,1920,3)
38691306 5 (1080,1920,3)
95530787 5 (1080,1920,3)
33109542 5 (1080,1920,3)
99328489 5 (1080,1920,3)
53322554 5 (1080,1920,3)
78285755 5 (1080,1920,3)
72788175 5 (1080,1920,3)
76008704 5 (1080,1920,3)
82105824 5 (1080,1920,3)
97124149 5 (1080,1920,3)
43281518 5 (1080,1920,3)
16069648 5 (1080,1920,3)
45165529 5 (1080,1920,3)
53997363 5 (1080,1920,3)
59399770 5 (1080,1920,3)
62703138 5 (1080,1920,3)
67584344 5 (1080,1920,3)
90518776 5 (1080,1920,3)
49943978 5 (1080,1920,3)
37160641 5 (1080,1920,3)
71780452 5 (1080,1920,3)
46052642 5 (1080,1920,3)
47992034 5 (1080,1920,3)
90217910 5 (1080,1920,3)
93818806 5 (1080,1920,3)
82659440 5 (1080,1920,3)
87739486 5 (1080,1920,3)
24958268 5 (1080,1920,3)
67914068 5 (1080,1920,3)
44619023 5 (1080,1920,3)
45532254 5 (1080,1920,3)
70940352 5 (1080,1920,3)
78162737 5 (1080,1920,3)
53870184 5 (1080,1920,3)
97265060 5 (1080,1920,3)
81054383 5 (1080,1920,3)
55327928 5 (1080,1920,3)
21617865 5 (1080,1920,3)
65094873 5 (1080,1920,3)
43916445 5 (1080,1920,3)
70198128 5 (1080,1920,3)
69799913 5 (1080,1920,3)
35085720 5 (1080,1920,3)
88760071 5 (1080,1920,3)
85314044 5 (1080,1920,3)
61859298 5 (1080,1920,3)
62356529 5 (1080,1920,3)
29964109 5 (1080,1920,3)
21617466 5 (1080,1920,3)
31994359 5 (1080,1920,3)
48395927 5 (1080,1920,3)
40670960 5 (1080,1920,3)
25887258 5 (1080,1920,3)
96548759 5 (1080,1920,3)
53864729 5 (1080,1920,3)
52739905 5 (1080,1920,3)
59482984 5 (1080,1920,3)
29321638 5 (1080,1920,3)
53978799 5 (1080,1920,3)
34187486 5 (1080,1920,3)
61979062 5 (1080,1920,3)
66387320 5 (1080,1920,3)
51649897 5 (1080,1920,3)
95345919 5 (1080,1920,3)
47073614 5 (1080,1920,3)
68392038 5 (1080,1920,3)
54982712 5 (1080,1920,3)
52860298 5 (1080,1920,3)
54335718 5 (1080,1920,3)
79995711 5 (1080,1920,3)
35728644 5 (1080,1920,3)
59958667 5 (1080,1920,3)
93701248 5 (1080,1920,3)
68106149 5 (1080,1920,3)
73537070 5 (1080,1920,3)
68010722 5 (1080,1920,3)
94531118 5 (1080,1920,3)
36180116 5 (1080,1920,3)
58183725 5 (1080,1920,3)
55727618 5 (1080,1920,3)
98422844 5 (1080,1920,3)
76307566 5 (1080,1920,3)
25368136 5 (1080,1920,3)
72203086 5 (1080,1920,3)
96134940 5 (1080,1920,3)
93647498 5 (1080,1920,3)
52825453 5 (1080,1920,3)
58974938 5 (1080,1920,3)
37651625 5 (1080,1920,3)
21062955 5 (1080,1920,3)
66052293 5 (1080,1920,3)
56621508 5 (1080,1920,3)
94288057 5 (1080,1920,3)
42991820 5 (1080,1920,3)
88365423 5 (1080,1920,3)
44618127 5 (1080,1920,3)
32609719 5 (1080,1920,3)
33711502 5 (1080,1920,3)
94067437 5 (1080,1920,3)
76713368 5 (1080,1920,3)
83427317 5 (1080,1920,3)
90614649 5 (1080,1920,3)
34583468 5 (1080,1920,3)
29140124 5 (1080,1920,3)
75222756 5 (1080,1920,3)
63171818 5 (1080,1920,3)
80898908 5 (1080,1920,3)
50131985 5 (1080,1920,3)
77390537 5 (1080,1920,3)
64962451 5 (1080,1920,3)
97843054 5 (1080,1920,3)
72946470 5 (1080,1920,3)
21448504 5 (1080,1920,3)
79282614 5 (1080,1920,3)
53841030 5 (1080,1920,3)
54072864 5 (1080,1920,3)
65009452 5 (1080,1920,3)
16355133 5 (1080,1920,3)
90081850 5 (1080,1920,3)
57752534 5 (1080,1920,3)
68605746 5 (1080,1920,3)
60097403 5 (1080,1920,3)
99341809 5 (1080,1920,3)
25240706 5 (1080,1920,3)
55974786 5 (1080,1920,3)
26446374 5 (1080,1920,3)
20076061 5 (1080,1920,3)
44716863 5 (1080,1920,3)
81436783 5 (1080,1920,3)
80293858 5 (1080,1920,3)
56430053 5 (1080,1920,3)
97298979 5 (1080,1920,3)
98289143 5 (1080,1920,3)
30063783 5 (1080,1920,3)
77135437 5 (1080,1920,3)
27520809 5 (1080,1920,3)
39740536 5 (1080,1920,3)
79753035 5 (1080,1920,3)
69055976 5 (1080,1920,3)
15738339 5 (1080,1920,3)
77251742 5 (1080,1920,3)
41530731 5 (1080,1920,3)
20438318 5 (1080,1920,3)
49996621 5 (1080,1920,3)
38001368 5 (1080,1920,3)
42711552 5 (1080,1920,3)
38137866 5 (1080,1920,3)
88378967 5 (1080,1920,3)
61967931 5 (1080,1920,3)
24439047 5 (1080,1920,3)
95511223 5 (1080,1920,3)
62249838 5 (1080,1920,3)
18500794 5 (1080,1920,3)
65641989 5 (1080,1920,3)
50418451 5 (1080,1920,3)
89973615 5 (1080,1920,3)
46447565 5 (1080,1920,3)
26054842 5 (1080,1920,3)
78183245 5 (1080,1920,3)
43322136 5 (1080,1920,3)
47470295 5 (1080,1920,3)
82355186 5 (1080,1920,3)
42579365 5 (1080,1920,3)
22136882 5 (1080,1920,3)
81017102 5 (1080,1920,3)
54060114 5 (1080,1920,3)
60383611 5 (1080,1920,3)
83056416 5 (1080,1920,3)
74237925 5 (1080,1920,3)
86357903 5 (1080,1920,3)
28297392 5 (1080,1920,3)
98275816 5 (1080,1920,3)
79553251 5 (1080,1920,3)
85560266 5 (1080,1920,3)
93641473 5 (1080,1920,3)
46646090 5 (1080,1920,3)
97873662 5 (1080,1920,3)
36073143 5 (1080,1920,3)
30020628 5 (1080,1920,3)
81805685 5 (1080,1920,3)
20107510 5 (1080,1920,3)
63122057 5 (1080,1920,3)
99543164 5 (1080,1920,3)
57701313 5 (1080,1920,3)
71639361 5 (1080,1920,3)
41833730 5 (1080,1920,3)
78821035 5 (1080,1920,3)
67499429 5 (1080,1920,3)
56094134 5 (1080,1920,3)
77447151 5 (1080,1920,3)
85807995 5 (1080,1920,3)
21225952 5 (1080,1920,3)
64491011 5 (1080,1920,3)
89891636 5 (1080,1920,3)
72612947 5 (1080,1920,3)
43019340 5 (1080,1920,3)
55620664 5 (1080,1920,3)
57210289 5 (1080,1920,3)
95139444 5 (1080,1920,3)
58411356 5 (1080,1920,3)
38682067 5 (1080,1920,3)
45414109 5 (1080,1920,3)
63353338 5 (1080,1920,3)
66738586 5 (1080,1920,3)
98212694 5 (1080,1920,3)
59907546 5 (1080,1920,3)
59366174 5 (1080,1920,3)
57584402 5 (1080,1920,3)
98592073 5 (1080,1920,3)
47198512 5 (1080,1920,3)
38567784 5 (1080,1920,3)
68172179 5 (1080,1920,3)
70796196 5 (1080,1920,3)
48396392 5 (1080,1920,3)
80018895 5 (1080,1920,3)
